{"Graph1": {"Edep": [], "Dist": [], "num_of_interactions": []}, "Graph2": {"Edep": [[999.826], [186.569], [146.105]], "Dist": [[0.0, 69.94005854990758, 44.98033291986732], [69.94005854990758, 0.0, 25.10427358344392], [44.98033291986732, 25.10427358344392, 0.0]], "num_of_interactions": [1, 1, 1]}, "Graph3": {"Edep": [[469.65], [376.455], [252.118], [234.27700000000002]], "Dist": [[0.0, 13.528631326974661, 29.746191290741727, 72.00283363224327], [13.528631326974661, 0.0, 16.238814648803626, 75.70195508346731], [29.746191290741727, 16.238814648803626, 0.0, 81.81562935223747], [72.00283363224327, 75.70195508346731, 81.81562935223747, 0.0]], "num_of_interactions": [1, 1, 2, 2]}, "Graph4": {"Edep": [[1332.4990000000003]], "Dist": [[0.0]], "num_of_interactions": [3]}, "Graph5": {"Edep": [[1008.03], [135.173], [189.296]], "Dist": [[0.0, 19.422631082062487, 205.57749115455954], [19.422631082062487, 0.0, 207.72700830530079], [205.57749115455954, 207.72700830530079, 0.0]], "num_of_interactions": [1, 1, 1]}, "Graph6": {"Edep": [[363.617], [968.883]], "Dist": [[0.0, 41.120435286024154], [41.120435286024154, 0.0]], "num_of_interactions": [1, 2]}, "Graph7": {"Edep": [[1110.0310000000002], [222.469]], "Dist": [[0.0, 53.18026601329294], [53.18026601329294, 0.0]], "num_of_interactions": [2, 2]}, "Graph8": {"Edep": [[37.906], [796.471], [217.103]], "Dist": [[0.0, 30.900681386275263, 46.50155205446482], [30.900681386275263, 0.0, 75.7549369053397], [46.50155205446482, 75.7549369053397, 0.0]], "num_of_interactions": [1, 2, 1]}, "Graph9": {"Edep": [[1003.964], [328.536]], "Dist": [[0.0, 22.561040913953867], [22.561040913953867, 0.0]], "num_of_interactions": [1, 1]}, "Graph10": {"Edep": [[617.317], [386.08], [11.916], [62.735], [254.451]], "Dist": [[0.0, 25.73561267374259, 74.11484382926473, 94.7325854846974, 100.06071945117125], [25.73561267374259, 0.0, 56.71347997113032, 76.37405589442923, 79.98552936283475], [74.11484382926473, 56.71347997113032, 0.0, 23.634028237149924, 39.55536393393316], [94.7325854846974, 76.37405589442923, 23.634028237149924, 0.0, 22.150623531420056], [100.06071945117125, 79.98552936283475, 39.55536393393316, 22.150623531420056, 0.0]], "num_of_interactions": [1, 3, 1, 2, 1]}, "Graph11": {"Edep": [[1155.226], [40.737], [136.537]], "Dist": [[0.0, 26.369299799901775, 31.064288723395865], [26.369299799901775, 0.0, 17.22385857794357], [31.064288723395865, 17.22385857794357, 0.0]], "num_of_interactions": [2, 1, 1]}, "Graph12": {"Edep": [[633.507], [212.076]], "Dist": [[0.0, 31.702410602113517], [31.702410602113517, 0.0]], "num_of_interactions": [1, 1]}, "Graph13": {"Edep": [[1082.13], [19.198], [31.861], [199.31099999999998]], "Dist": [[0.0, 37.96772508179808, 441.85364193365604, 451.4848530286949], [37.96772508179808, 0.0, 422.3145550198592, 431.6062112930496], [441.85364193365604, 422.3145550198592, 0.0, 20.697113656374906], [451.4848530286949, 431.6062112930496, 20.697113656374906, 0.0]], "num_of_interactions": [2, 1, 1, 2]}, "Graph14": {"Edep": [[135.984], [517.853]], "Dist": [[0.0, 33.443915977134004], [33.443915977134004, 0.0]], "num_of_interactions": [1, 1]}, "Graph15": {"Edep": [[1103.075]], "Dist": [[0.0]], "num_of_interactions": [4]}, "Graph16": {"Edep": [[592.409]], "Dist": [[0.0]], "num_of_interactions": [1]}, "Graph17": {"Edep": [[916.63]], "Dist": [[0.0]], "num_of_interactions": [3]}, "Graph18": {"Edep": [[152.531], [939.8900000000001], [240.08]], "Dist": [[0.0, 34.33312467338502, 43.68524586599119], [34.33312467338502, 0.0, 26.972322675711478], [43.68524586599119, 26.972322675711478, 0.0]], "num_of_interactions": [1, 2, 3]}, "Graph19": {"Edep": [[1006.041]], "Dist": [[0.0]], "num_of_interactions": [1]}, "Graph20": {"Edep": [[908.097], [161.625], [66.781], [6.997], [189.0]], "Dist": [[0.0, 37.88349986002085, 40.52993025410604, 74.93703875205837, 71.43178547209918], [37.88349986002085, 0.0, 13.536118895019388, 37.564978441059964, 33.72003897123786], [40.52993025410604, 13.536118895019388, 0.0, 36.57854788411918, 37.71068816797038], [74.93703875205837, 37.564978441059964, 36.57854788411918, 0.0, 13.532830782726133], [71.43178547209918, 33.72003897123786, 37.71068816797038, 13.532830782726133, 0.0]], "num_of_interactions": [1, 2, 1, 1, 1]}, "Graph21": {"Edep": [[1332.5]], "Dist": [[0.0]], "num_of_interactions": [1]}, "Graph22": {"Edep": [[1332.4989999999998]], "Dist": [[0.0]], "num_of_interactions": [4]}, "Graph23": {"Edep": [[1332.499]], "Dist": [[0.0]], "num_of_interactions": [3]}, "Graph24": {"Edep": [[904.958]], "Dist": [[0.0]], "num_of_interactions": [1]}, "Graph25": {"Edep": [[918.942], [16.289], [169.703], [227.566]], "Dist": [[0.0, 68.75980443393146, 89.52616428006452, 85.82312053452321], [68.75980443393146, 0.0, 41.56872013501741, 33.46600974033206], [89.52616428006452, 41.56872013501741, 0.0, 26.39333753594268], [85.82312053452321, 33.46600974033206, 26.39333753594268, 0.0]], "num_of_interactions": [1, 1, 2, 2]}, "Graph26": {"Edep": [[257.336], [778.233], [296.931]], "Dist": [[0.0, 39.96036257933728, 84.31951490163769], [39.96036257933728, 0.0, 101.20178041842644], [84.31951490163769, 101.20178041842644, 0.0]], "num_of_interactions": [1, 1, 1]}, "Graph27": {"Edep": [[23.41], [1.877], [134.988]], "Dist": [[0.0, 52.401951914853335, 91.79245159065042], [52.401951914853335, 0.0, 65.13027495016507], [91.79245159065042, 65.13027495016507, 0.0]], "num_of_interactions": [1, 1, 1]}, "Graph28": {"Edep": [[2.697], [1329.8029999999999]], "Dist": [[0.0, 16.229776878805193], [16.229776878805193, 0.0]], "num_of_interactions": [1, 2]}, "Graph29": {"Edep": [[786.334], [185.086], [165.079]], "Dist": [[0.0, 60.70335835259857, 37.26099884907811], [60.70335835259857, 0.0, 62.60735728768783], [37.26099884907811, 62.60735728768783, 0.0]], "num_of_interactions": [1, 1, 4]}, "Graph30": {"Edep": [[369.27], [963.23]], "Dist": [[0.0, 29.76202107248766], [29.76202107248766, 0.0]], "num_of_interactions": [1, 4]}, "Graph31": {"Edep": [[52.401]], "Dist": [[0.0]], "num_of_interactions": [1]}, "Graph32": {"Edep": [[1332.5]], "Dist": [[0.0]], "num_of_interactions": [4]}, "Graph33": {"Edep": [[938.655], [211.643], [19.256], [56.201], [106.745]], "Dist": [[0.0, 33.59975525925152, 37.271455143197734, 11.650170246348306, 319.75351492341235], [33.59975525925152, 0.0, 31.229329307498748, 37.33282644746978, 301.88553505785217], [37.271455143197734, 31.229329307498748, 0.0, 37.33590627189462, 285.2646203306556], [11.650170246348306, 37.33282644746978, 37.33590627189462, 0.0, 314.3628964759006], [319.75351492341235, 301.88553505785217, 285.2646203306556, 314.3628964759006, 0.0]], "num_of_interactions": [1, 1, 1, 1, 1]}, "Graph34": {"Edep": [[467.257], [376.126], [135.96], [353.156]], "Dist": [[0.0, 55.972951773325285, 56.33948161428626, 45.07464434289636], [55.972951773325285, 0.0, 31.786802117361546, 35.0323247815671], [56.33948161428626, 31.786802117361546, 0.0, 16.236830059377358], [45.07464434289636, 35.0323247815671, 16.236830059377358, 0.0]], "num_of_interactions": [1, 1, 2, 3]}, "Graph35": {"Edep": [[965.297], [367.203]], "Dist": [[0.0, 24.443938636653883], [24.443938636653883, 0.0]], "num_of_interactions": [2, 1]}, "Graph36": {"Edep": [[1200.341], [132.158]], "Dist": [[0.0, 18.808086115647182], [18.808086115647182, 0.0]], "num_of_interactions": [3, 1]}, "Graph37": {"Edep": [[751.0939999999999], [201.35600000000002], [380.05]], "Dist": [[0.0, 49.106109928011, 43.42704482733081], [49.106109928011, 0.0, 13.535630766052249], [43.42704482733081, 13.535630766052249, 0.0]], "num_of_interactions": [2, 2, 2]}, "Graph38": {"Edep": [[1097.979], [13.876], [86.802], [133.843]], "Dist": [[0.0, 415.6110297250867, 452.1384729513635, 441.1538056826714], [415.6110297250867, 0.0, 52.95085846827414, 29.755010502322108], [452.1384729513635, 52.95085846827414, 0.0, 30.76071096458111], [441.1538056826714, 29.755010502322108, 30.76071096458111, 0.0]], "num_of_interactions": [1, 1, 1, 2]}, "Graph39": {"Edep": [[1013.952], [318.548]], "Dist": [[0.0, 119.39552055822237], [119.39552055822237, 0.0]], "num_of_interactions": [1, 1]}, "Graph40": {"Edep": [[572.081]], "Dist": [[0.0]], "num_of_interactions": [1]}, "Graph41": {"Edep": [[411.59000000000003]], "Dist": [[0.0]], "num_of_interactions": [3]}, "Graph42": {"Edep": [[159.236], [744.154], [193.078], [57.591], [89.69]], "Dist": [[0.0, 33.466007355143226, 41.56871950073278, 56.197549098348595, 99.96658923566464], [33.466007355143226, 0.0, 26.39333767590035, 31.343197360495942, 93.29196952482351], [41.56871950073278, 26.39333767590035, 0.0, 17.144424338994288, 77.95717871198839], [56.197549098348595, 31.343197360495942, 17.144424338994288, 0.0, 77.74504189350597], [99.96658923566464, 93.29196952482351, 77.95717871198839, 77.74504189350597, 0.0]], "num_of_interactions": [1, 2, 2, 1, 1]}, "Graph43": {"Edep": [[1118.815]], "Dist": [[0.0]], "num_of_interactions": [1]}, "Graph44": {"Edep": [[232.489], [398.968], [511.883], [189.16000000000003]], "Dist": [[0.0, 16.23320978580023, 55.25339533995445, 40.887919497877355], [16.23320978580023, 0.0, 48.18047639068443, 29.905200060850614], [55.25339533995445, 48.18047639068443, 0.0, 39.18475071963838], [40.887919497877355, 29.905200060850614, 39.18475071963838, 0.0]], "num_of_interactions": [1, 1, 2, 3]}, "Graph45": {"Edep": [[558.433]], "Dist": [[0.0]], "num_of_interactions": [1]}, "Graph46": {"Edep": [[540.1469999999999], [554.607], [32.189]], "Dist": [[0.0, 17.210907484060808, 24.179107069900244], [17.210907484060808, 0.0, 30.166122051815023], [24.179107069900244, 30.166122051815023, 0.0]], "num_of_interactions": [3, 1, 1]}, "Graph47": {"Edep": [[968.402], [194.668], [0.102], [169.328]], "Dist": [[0.0, 17.319416320667397, 330.8881933562506, 339.6919718118503], [17.319416320667397, 0.0, 325.2346111152134, 334.05157750237987], [330.8881933562506, 325.2346111152134, 0.0, 11.70675237912718], [339.6919718118503, 334.05157750237987, 11.70675237912718, 0.0]], "num_of_interactions": [1, 1, 1, 2]}, "Graph48": {"Edep": [[140.887], [76.9]], "Dist": [[0.0, 17.21472168452919], [17.21472168452919, 0.0]], "num_of_interactions": [1, 1]}, "Graph49": {"Edep": [[146.506], [832.447], [353.547]], "Dist": [[0.0, 40.43586565220656, 53.02933000983323], [40.43586565220656, 0.0, 25.902108924774836], [53.02933000983323, 25.902108924774836, 0.0]], "num_of_interactions": [1, 1, 4]}, "Graph50": {"Edep": [[608.197], [724.303]], "Dist": [[0.0, 62.72467056130785], [62.72467056130785, 0.0]], "num_of_interactions": [1, 3]}, "Graph51": {"Edep": [[912.481], [199.158], [220.862]], "Dist": [[0.0, 76.80227839175282, 72.59998869066168], [76.80227839175282, 0.0, 16.23320072321229], [72.59998869066168, 16.23320072321229, 0.0]], "num_of_interactions": [1, 1, 1]}, "Graph52": {"Edep": [[1142.526], [189.974]], "Dist": [[0.0, 18.097872859631874], [18.097872859631874, 0.0]], "num_of_interactions": [2, 1]}, "Graph53": {"Edep": [[1140.263]], "Dist": [[0.0]], "num_of_interactions": [3]}, "Graph54": {"Edep": [[1332.5]], "Dist": [[0.0]], "num_of_interactions": [2]}, "Graph55": {"Edep": [[1182.3229999999999], [7.313], [22.443], [120.421]], "Dist": [[0.0, 38.48161376412637, 45.42076126907057, 48.0305055180705], [38.48161376412637, 0.0, 22.422368651061376, 32.121540664298784], [45.42076126907057, 22.422368651061376, 0.0, 24.922491118788663], [48.0305055180705, 32.121540664298784, 24.922491118788663, 0.0]], "num_of_interactions": [2, 1, 1, 1]}, "Graph56": {"Edep": [[393.458], [939.0419999999999]], "Dist": [[0.0, 24.925401426769444], [24.925401426769444, 0.0]], "num_of_interactions": [1, 3]}, "Graph57": {"Edep": [[737.498]], "Dist": [[0.0]], "num_of_interactions": [3]}, "Graph58": {"Edep": [[1003.872], [54.921], [26.554], [247.15300000000002]], "Dist": [[0.0, 24.039950924995665, 76.92694368193112, 360.4760521597779], [24.039950924995665, 0.0, 60.24935703376262, 346.5189581926861], [76.92694368193112, 60.24935703376262, 0.0, 302.7087026365148], [360.4760521597779, 346.5189581926861, 302.7087026365148, 0.0]], "num_of_interactions": [1, 1, 1, 2]}, "Graph59": {"Edep": [[1169.393], [163.107]], "Dist": [[0.0, 43.202734565528374], [43.202734565528374, 0.0]], "num_of_interactions": [3, 2]}, "Graph60": {"Edep": [[936.732], [175.479]], "Dist": [[0.0, 39.581634908683355], [39.581634908683355, 0.0]], "num_of_interactions": [2, 1]}, "Graph61": {"Edep": [[616.173]], "Dist": [[0.0]], "num_of_interactions": [1]}, "Graph62": {"Edep": [[113.131], [664.548]], "Dist": [[0.0, 50.533328717070496], [50.533328717070496, 0.0]], "num_of_interactions": [1, 1]}, "Graph63": {"Edep": [[1039.909], [114.668], [2.236], [82.72]], "Dist": [[0.0, 19.563753997027256, 31.64895547175293, 83.99521582169488], [19.563753997027256, 0.0, 17.319420186420793, 78.02730260254359], [31.64895547175293, 17.319420186420793, 0.0, 75.32836160952462], [83.99521582169488, 78.02730260254359, 75.32836160952462, 0.0]], "num_of_interactions": [1, 1, 1, 1]}, "Graph64": {"Edep": [[22.622], [55.547999999999995], [140.766]], "Dist": [[0.0, 32.99761917874378, 24.95145368384176], [32.99761917874378, 0.0, 19.3867759182516], [24.95145368384176, 19.3867759182516, 0.0]], "num_of_interactions": [2, 2, 1]}, "Graph65": {"Edep": [[813.118], [135.778], [161.653]], "Dist": [[0.0, 51.59361937238945, 48.62874149423775], [51.59361937238945, 0.0, 13.54221603491834], [48.62874149423775, 13.54221603491834, 0.0]], "num_of_interactions": [1, 1, 1]}, "Graph66": {"Edep": [[912.044], [243.53], [44.784], [132.142]], "Dist": [[0.0, 23.779540313515323, 39.94975657727716, 61.679533459941965], [23.779540313515323, 0.0, 46.302471897100695, 70.25054644872878], [39.94975657727716, 46.302471897100695, 0.0, 26.104719804089072], [61.679533459941965, 70.25054644872878, 26.104719804089072, 0.0]], "num_of_interactions": [1, 1, 1, 1]}, "Graph67": {"Edep": [[1012.015], [320.485]], "Dist": [[0.0, 33.70132095619547], [33.70132095619547, 0.0]], "num_of_interactions": [1, 1]}, "Graph68": {"Edep": [[182.424]], "Dist": [[0.0]], "num_of_interactions": [1]}, "Graph69": {"Edep": [[1078.841], [14.18], [239.48]], "Dist": [[0.0, 21.91368190197394, 105.26869841111649], [21.91368190197394, 0.0, 84.49326565093516], [105.26869841111649, 84.49326565093516, 0.0]], "num_of_interactions": [2, 1, 1]}, "Graph70": {"Edep": [[1032.057], [41.292]], "Dist": [[0.0, 13.537786228117215], [13.537786228117215, 0.0]], "num_of_interactions": [1, 1]}, "Graph71": {"Edep": [[198.099]], "Dist": [[0.0]], "num_of_interactions": [1]}, "Graph72": {"Edep": [[607.356], [139.912]], "Dist": [[0.0, 17.135436614939234], [17.135436614939234, 0.0]], "num_of_interactions": [3, 2]}, "Graph73": {"Edep": [[487.825]], "Dist": [[0.0]], "num_of_interactions": [1]}, "Graph74": {"Edep": [[68.666], [294.937]], "Dist": [[0.0, 16.848092921746368], [16.848092921746368, 0.0]], "num_of_interactions": [1, 1]}, "Graph75": {"Edep": [[46.492], [561.84]], "Dist": [[0.0, 34.32394000600018], [34.32394000600018, 0.0]], "num_of_interactions": [1, 1]}, "Graph76": {"Edep": [[899.796], [133.825], [298.879]], "Dist": [[0.0, 78.86651845682044, 97.68910131728308], [78.86651845682044, 0.0, 42.16979393768007], [97.68910131728308, 42.16979393768007, 0.0]], "num_of_interactions": [1, 1, 2]}, "Graph77": {"Edep": [[869.756], [289.289], [173.455]], "Dist": [[0.0, 37.330942542241004, 13.522266990501254], [37.330942542241004, 0.0, 36.32609922956359], [13.522266990501254, 36.32609922956359, 0.0]], "num_of_interactions": [1, 1, 2]}, "Graph78": {"Edep": [[745.426], [41.999]], "Dist": [[0.0, 51.51989340223251], [51.51989340223251, 0.0]], "num_of_interactions": [1, 1]}, "Graph79": {"Edep": [[150.903]], "Dist": [[0.0]], "num_of_interactions": [1]}, "Graph80": {"Edep": [[500.656], [71.141], [760.703]], "Dist": [[0.0, 32.82506304585872, 46.736137533130616], [32.82506304585872, 0.0, 16.22831357146823], [46.736137533130616, 16.22831357146823, 0.0]], "num_of_interactions": [1, 1, 5]}, "Graph81": {"Edep": [[521.928], [146.051], [60.487], [204.552], [183.895], [215.586]], "Dist": [[0.0, 11.657955648821964, 60.39310893279796, 74.1020346677026, 85.16116400592114, 89.05849523644387], [11.657955648821964, 0.0, 52.86266690447145, 65.15296488712465, 74.31438974889386, 79.32225986517403], [60.39310893279796, 52.86266690447145, 0.0, 17.215628813650678, 42.476242562564295, 34.329696747313385], [74.1020346677026, 65.15296488712465, 17.215628813650678, 0.0, 30.77334422670372, 17.119555620298677], [85.16116400592114, 74.31438974889386, 42.476242562564295, 30.77334422670372, 0.0, 25.815861788297905], [89.05849523644387, 79.32225986517403, 34.329696747313385, 17.119555620298677, 25.815861788297905, 0.0]], "num_of_interactions": [1, 1, 1, 1, 1, 3]}, "Graph82": {"Edep": [[1332.5]], "Dist": [[0.0]], "num_of_interactions": [1]}, "Graph83": {"Edep": [[24.55], [919.993], [117.574], [270.382]], "Dist": [[0.0, 16.22977900508815, 34.54744579544195, 46.206215449967345], [16.22977900508815, 0.0, 31.301273387237774, 36.984309937501884], [34.54744579544195, 31.301273387237774, 0.0, 17.208473801328243], [46.206215449967345, 36.984309937501884, 17.208473801328243, 0.0]], "num_of_interactions": [1, 1, 1, 3]}, "Graph84": {"Edep": [[998.668], [121.95], [211.882]], "Dist": [[0.0, 36.57783606312707, 97.34469951582467], [36.57783606312707, 0.0, 72.02905471293927], [97.34469951582467, 72.02905471293927, 0.0]], "num_of_interactions": [1, 2, 2]}, "Graph85": {"Edep": [[699.034], [348.44]], "Dist": [[0.0, 30.28495166524787], [30.28495166524787, 0.0]], "num_of_interactions": [1, 3]}, "Graph86": {"Edep": [[313.227], [154.547]], "Dist": [[0.0, 17.109867715718885], [17.109867715718885, 0.0]], "num_of_interactions": [1, 1]}, "Graph87": {"Edep": [[693.5519999999999], [362.32300000000004], [99.149], [177.475]], "Dist": [[0.0, 11.630661118633801, 39.386019045698184, 136.37099107956575], [11.630661118633801, 0.0, 31.895078907790772, 133.91307278660773], [39.386019045698184, 31.895078907790772, 0.0, 157.03426478013358], [136.37099107956575, 133.91307278660773, 157.03426478013358, 0.0]], "num_of_interactions": [3, 2, 1, 3]}, "Graph88": {"Edep": [[187.323]], "Dist": [[0.0]], "num_of_interactions": [2]}, "Graph89": {"Edep": [[470.776], [176.29], [685.434]], "Dist": [[0.0, 13.536118793886235, 29.735365412932122], [13.536118793886235, 0.0, 16.218019306956066], [29.735365412932122, 16.218019306956066, 0.0]], "num_of_interactions": [1, 1, 2]}, "Graph90": {"Edep": [[414.357], [540.327], [155.148], [93.185], [129.484]], "Dist": [[0.0, 53.81821887646319, 66.57421674155394, 41.902954429345435, 56.578540120096775], [53.81821887646319, 0.0, 46.83055211835219, 51.54576778998932, 54.74394958822848], [66.57421674155394, 46.83055211835219, 0.0, 31.87315397554186, 27.15069633650305], [41.902954429345435, 51.54576778998932, 31.87315397554186, 0.0, 17.10987028698348], [56.578540120096775, 54.74394958822848, 27.15069633650305, 17.10987028698348, 0.0]], "num_of_interactions": [1, 1, 1, 2, 1]}, "Graph91": {"Edep": [[721.921], [296.386]], "Dist": [[0.0, 34.33323801556445], [34.33323801556445, 0.0]], "num_of_interactions": [2, 1]}, "Graph92": {"Edep": [[1089.851], [90.009], [152.64]], "Dist": [[0.0, 366.8834307688231, 363.9217178210095], [366.8834307688231, 0.0, 19.563747196140614], [363.9217178210095, 19.563747196140614, 0.0]], "num_of_interactions": [1, 1, 3]}, "Graph93": {"Edep": [[437.62]], "Dist": [[0.0]], "num_of_interactions": [1]}, "Graph94": {"Edep": [[327.688], [1004.8119999999999]], "Dist": [[0.0, 53.031196086328286], [53.031196086328286, 0.0]], "num_of_interactions": [1, 2]}, "Graph95": {"Edep": [[278.642]], "Dist": [[0.0]], "num_of_interactions": [1]}, "Graph96": {"Edep": [[1063.893], [268.608]], "Dist": [[0.0, 17.19165936157416], [17.19165936157416, 0.0]], "num_of_interactions": [2, 3]}, "Graph97": {"Edep": [[284.987]], "Dist": [[0.0]], "num_of_interactions": [2]}, "Graph98": {"Edep": [[1084.537], [118.057]], "Dist": [[0.0, 389.71398880213076], [389.71398880213076, 0.0]], "num_of_interactions": [1, 2]}, "Graph99": {"Edep": [[192.079], [789.284]], "Dist": [[0.0, 29.4188279583314], [29.4188279583314, 0.0]], "num_of_interactions": [1, 4]}, "Graph100": {"Edep": [[756.852]], "Dist": [[0.0]], "num_of_interactions": [2]}, "Graph101": {"Edep": [[700.572], [462.046], [169.882]], "Dist": [[0.0, 55.77406219431662, 44.07100530488725], [55.77406219431662, 0.0, 16.24051477587146], [44.07100530488725, 16.24051477587146, 0.0]], "num_of_interactions": [1, 2, 1]}, "Graph102": {"Edep": [[1033.41], [299.09]], "Dist": [[0.0, 24.169806839577763], [24.169806839577763, 0.0]], "num_of_interactions": [1, 1]}, "Graph103": {"Edep": [[988.407], [34.977], [309.11600000000004]], "Dist": [[0.0, 63.226090599006675, 118.26831575090306], [63.226090599006675, 0.0, 59.61141691871032], [118.26831575090306, 59.61141691871032, 0.0]], "num_of_interactions": [1, 1, 4]}, "Graph104": {"Edep": [[983.379]], "Dist": [[0.0]], "num_of_interactions": [1]}, "Graph105": {"Edep": [[1067.801], [264.699]], "Dist": [[0.0, 39.047548723398755], [39.047548723398755, 0.0]], "num_of_interactions": [1, 2]}, "Graph106": {"Edep": [[1064.68], [50.47]], "Dist": [[0.0, 34.23626739793197], [34.23626739793197, 0.0]], "num_of_interactions": [1, 1]}, "Graph107": {"Edep": [[395.66], [142.766], [395.056]], "Dist": [[0.0, 36.984307106677, 59.380501698027096], [36.984307106677, 0.0, 26.636189515300405], [59.380501698027096, 26.636189515300405, 0.0]], "num_of_interactions": [1, 1, 3]}, "Graph108": {"Edep": [[9.051], [225.599]], "Dist": [[0.0, 11.688822158943132], [11.688822158943132, 0.0]], "num_of_interactions": [1, 1]}, "Graph109": {"Edep": [[223.407], [16.735]], "Dist": [[0.0, 85.66024745149117], [85.66024745149117, 0.0]], "num_of_interactions": [1, 1]}, "Graph110": {"Edep": [[359.824], [707.253], [122.933], [142.491]], "Dist": [[0.0, 11.635214240971242, 459.44142576267774, 458.42693154016257], [11.635214240971242, 0.0, 469.21684841465, 468.26830399765583], [459.44142576267774, 469.21684841465, 0.0, 20.815412264814746], [458.42693154016257, 468.26830399765583, 20.815412264814746, 0.0]], "num_of_interactions": [2, 1, 1, 1]}, "Graph111": {"Edep": [[945.54], [15.671]], "Dist": [[0.0, 37.03608430576996], [37.03608430576996, 0.0]], "num_of_interactions": [1, 1]}, "Graph112": {"Edep": [[332.066], [745.29], [255.143]], "Dist": [[0.0, 11.622926191768586, 24.0668106591318], [11.622926191768586, 0.0, 22.846187769148706], [24.0668106591318, 22.846187769148706, 0.0]], "num_of_interactions": [1, 2, 1]}, "Graph113": {"Edep": [[1116.704], [82.802], [108.90799999999999], [24.087]], "Dist": [[0.0, 18.046476316558326, 37.68282955368532, 32.39536736577779], [18.046476316558326, 0.0, 33.02752156504329, 19.386769499145544], [37.68282955368532, 33.02752156504329, 0.0, 18.80809130599911], [32.39536736577779, 19.386769499145544, 18.80809130599911, 0.0]], "num_of_interactions": [2, 1, 2, 1]}, "Graph114": {"Edep": [[1062.044], [26.94], [235.85000000000002]], "Dist": [[0.0, 23.17777591648084, 408.8703257285527], [23.17777591648084, 0.0, 397.97053515033724], [408.8703257285527, 397.97053515033724, 0.0]], "num_of_interactions": [1, 1, 2]}, "Graph115": {"Edep": [[864.486], [356.92499999999995], [111.089]], "Dist": [[0.0, 27.096577795790008, 50.02462534334264], [27.096577795790008, 0.0, 28.073581469333394], [50.02462534334264, 28.073581469333394, 0.0]], "num_of_interactions": [2, 2, 2]}, "Graph116": {"Edep": [[492.642], [159.811], [680.0459999999999]], "Dist": [[0.0, 41.158603947589135, 58.325906249087986], [41.158603947589135, 0.0, 17.208469771647337], [58.325906249087986, 17.208469771647337, 0.0]], "num_of_interactions": [1, 1, 5]}, "Graph117": {"Edep": [[1095.245], [237.255]], "Dist": [[0.0, 43.45923709823378], [43.45923709823378, 0.0]], "num_of_interactions": [1, 1]}, "Graph118": {"Edep": [[659.206], [194.305]], "Dist": [[0.0, 38.046143630266926], [38.046143630266926, 0.0]], "num_of_interactions": [1, 1]}, "Graph119": {"Edep": [[199.373], [900.173], [232.954]], "Dist": [[0.0, 29.73536253233176, 46.93141153748734], [29.73536253233176, 0.0, 17.202901387632267], [46.93141153748734, 17.202901387632267, 0.0]], "num_of_interactions": [1, 3, 2]}, "Graph120": {"Edep": [[559.046]], "Dist": [[0.0]], "num_of_interactions": [2]}, "Graph121": {"Edep": [[119.182], [1213.317]], "Dist": [[0.0, 34.31236309261868], [34.31236309261868, 0.0]], "num_of_interactions": [2, 2]}, "Graph122": {"Edep": [[689.539], [298.084], [11.458]], "Dist": [[0.0, 55.97295966812277, 85.95070629269199], [55.97295966812277, 0.0, 34.326937061836745], [85.95070629269199, 34.326937061836745, 0.0]], "num_of_interactions": [1, 2, 1]}, "Graph123": {"Edep": [[1332.499]], "Dist": [[0.0]], "num_of_interactions": [4]}, "Graph124": {"Edep": [[270.998], [336.951]], "Dist": [[0.0, 101.95555279953956], [101.95555279953956, 0.0]], "num_of_interactions": [1, 1]}, "Graph125": {"Edep": [[601.665]], "Dist": [[0.0]], "num_of_interactions": [1]}, "Graph126": {"Edep": [[352.883], [40.65], [151.734]], "Dist": [[0.0, 37.68604547426807, 40.04229193179007], [37.68604547426807, 0.0, 16.206225804588183], [40.04229193179007, 16.206225804588183, 0.0]], "num_of_interactions": [1, 2, 1]}, "Graph127": {"Edep": [[1332.5]], "Dist": [[0.0]], "num_of_interactions": [1]}, "Graph128": {"Edep": [[159.816], [651.31], [121.727], [199.485], [200.16199999999998]], "Dist": [[0.0, 54.07508836013215, 66.24372302130142, 107.0749170319011, 98.279953534378], [54.07508836013215, 0.0, 17.144425754565244, 64.5763459782992, 60.963715391191506], [66.24372302130142, 17.144425754565244, 0.0, 65.46646676654697, 66.32181926883038], [107.0749170319011, 64.5763459782992, 65.46646676654697, 0.0, 17.13533473530647], [98.279953534378, 60.963715391191506, 66.32181926883038, 17.13533473530647, 0.0]], "num_of_interactions": [1, 1, 1, 1, 3]}, "Graph129": {"Edep": [[1102.483]], "Dist": [[0.0]], "num_of_interactions": [2]}, "Graph130": {"Edep": [[1332.5]], "Dist": [[0.0]], "num_of_interactions": [2]}, "Graph131": {"Edep": [[1108.15], [224.34900000000002]], "Dist": [[0.0, 545.0354132142501], [545.0354132142501, 0.0]], "num_of_interactions": [1, 3]}, "Graph132": {"Edep": [[1099.299], [233.201]], "Dist": [[0.0, 13.539508022472608], [13.539508022472608, 0.0]], "num_of_interactions": [2, 1]}, "Graph133": {"Edep": [[1015.395], [248.33499999999998], [68.77]], "Dist": [[0.0, 17.143279832138287, 25.996297526672908], [17.143279832138287, 0.0, 31.276082196114334], [25.996297526672908, 31.276082196114334, 0.0]], "num_of_interactions": [1, 2, 1]}, "Graph134": {"Edep": [[43.464000000000006], [129.105]], "Dist": [[0.0, 25.504834712552054], [25.504834712552054, 0.0]], "num_of_interactions": [2, 1]}, "Graph135": {"Edep": [[1100.752], [31.142], [49.991], [150.615]], "Dist": [[0.0, 410.8390164927988, 429.4142182872282, 420.7033415007403], [410.8390164927988, 0.0, 22.95577678402757, 11.666659614015494], [429.4142182872282, 22.95577678402757, 0.0, 21.601425019479613], [420.7033415007403, 11.666659614015494, 21.601425019479613, 0.0]], "num_of_interactions": [1, 1, 1, 2]}, "Graph136": {"Edep": [[421.699]], "Dist": [[0.0]], "num_of_interactions": [1]}, "Graph137": {"Edep": [[1089.568], [12.145], [230.786]], "Dist": [[0.0, 13.535625615925548, 516.6195468229732], [13.535625615925548, 0.0, 503.2806973072249], [516.6195468229732, 503.2806973072249, 0.0]], "num_of_interactions": [2, 1, 1]}, "Graph138": {"Edep": [[1051.188], [41.04], [46.723]], "Dist": [[0.0, 23.451239379081876, 26.834442324225773], [23.451239379081876, 0.0, 13.542224646940392], [26.834442324225773, 13.542224646940392, 0.0]], "num_of_interactions": [2, 1, 1]}, "Graph139": {"Edep": [[139.09], [196.45]], "Dist": [[0.0, 47.06662256954178], [47.06662256954178, 0.0]], "num_of_interactions": [2, 1]}, "Graph140": {"Edep": [[177.602]], "Dist": [[0.0]], "num_of_interactions": [1]}, "Graph141": {"Edep": [[205.425]], "Dist": [[0.0]], "num_of_interactions": [1]}, "Graph142": {"Edep": [[791.044], [135.806]], "Dist": [[0.0, 66.10334725542195], [66.10334725542195, 0.0]], "num_of_interactions": [1, 1]}, "Graph143": {"Edep": [[712.456], [381.26099999999997], [181.702]], "Dist": [[0.0, 29.905200486328454, 48.18047292821958], [29.905200486328454, 0.0, 39.1847841264208], [48.18047292821958, 39.1847841264208, 0.0]], "num_of_interactions": [1, 4, 3]}, "Graph144": {"Edep": [[1141.776], [7.922], [182.80200000000002]], "Dist": [[0.0, 24.32970464579464, 50.38089267516706], [24.32970464579464, 0.0, 29.359755946770058], [50.38089267516706, 29.359755946770058, 0.0]], "num_of_interactions": [3, 1, 3]}, "Graph145": {"Edep": [[1332.5]], "Dist": [[0.0]], "num_of_interactions": [2]}, "Graph146": {"Edep": [[1173.2340000000002], [159.266]], "Dist": [[0.0, 64.80035963101284], [64.80035963101284, 0.0]], "num_of_interactions": [2, 1]}, "Graph147": {"Edep": [[420.446]], "Dist": [[0.0]], "num_of_interactions": [2]}, "Graph148": {"Edep": [[1066.157], [114.41300000000001]], "Dist": [[0.0, 50.511527540309054], [50.511527540309054, 0.0]], "num_of_interactions": [2, 2]}, "Graph149": {"Edep": [[1015.481]], "Dist": [[0.0]], "num_of_interactions": [1]}, "Graph150": {"Edep": [[1115.7259999999999], [99.811], [80.614]], "Dist": [[0.0, 70.72732531008438, 189.38458251828237], [70.72732531008438, 0.0, 161.6722472411904], [189.38458251828237, 161.6722472411904, 0.0]], "num_of_interactions": [3, 3, 1]}, "Graph151": {"Edep": [[439.801]], "Dist": [[0.0]], "num_of_interactions": [1]}, "Graph152": {"Edep": [[225.133], [69.834]], "Dist": [[0.0, 34.33322983492964], [34.33322983492964, 0.0]], "num_of_interactions": [1, 1]}, "Graph153": {"Edep": [[1148.264], [184.236]], "Dist": [[0.0, 19.51396470881558], [19.51396470881558, 0.0]], "num_of_interactions": [1, 3]}, "Graph154": {"Edep": [[1078.42], [5.181], [103.925], [144.974]], "Dist": [[0.0, 36.97045534911492, 94.51715356367488, 92.47797202886805], [36.97045534911492, 0.0, 70.20101075094432, 67.52230533152435], [94.51715356367488, 70.20101075094432, 0.0, 11.627355534591706], [92.47797202886805, 67.52230533152435, 11.627355534591706, 0.0]], "num_of_interactions": [2, 1, 1, 5]}, "Graph155": {"Edep": [[934.559], [65.158], [78.74]], "Dist": [[0.0, 22.998400943900428, 107.99066100650603], [22.998400943900428, 0.0, 87.1158250968841], [107.99066100650603, 87.1158250968841, 0.0]], "num_of_interactions": [1, 1, 1]}, "Graph156": {"Edep": [[397.784], [268.417]], "Dist": [[0.0, 16.237674695556013], [16.237674695556013, 0.0]], "num_of_interactions": [2, 1]}, "Graph157": {"Edep": [[321.331], [215.184]], "Dist": [[0.0, 51.62177552912918], [51.62177552912918, 0.0]], "num_of_interactions": [2, 4]}, "Graph158": {"Edep": [[13.307]], "Dist": [[0.0]], "num_of_interactions": [1]}, "Graph159": {"Edep": [[1170.7350000000001], [161.765]], "Dist": [[0.0, 42.30222167069951], [42.30222167069951, 0.0]], "num_of_interactions": [4, 1]}, "Graph160": {"Edep": [[490.293], [542.845], [299.363]], "Dist": [[0.0, 80.56395552279568, 67.46327385738181], [80.56395552279568, 0.0, 17.109870587175728], [67.46327385738181, 17.109870587175728, 0.0]], "num_of_interactions": [1, 1, 2]}, "Graph161": {"Edep": [[1029.659], [302.841]], "Dist": [[0.0, 97.42026726008812], [97.42026726008812, 0.0]], "num_of_interactions": [1, 2]}, "Graph162": {"Edep": [[638.981], [406.844], [286.676]], "Dist": [[0.0, 31.2485700482246, 56.39678151494638], [31.2485700482246, 0.0, 31.555302580152826], [56.39678151494638, 31.555302580152826, 0.0]], "num_of_interactions": [2, 1, 1]}, "Graph163": {"Edep": [[826.654], [213.577], [109.0], [183.269]], "Dist": [[0.0, 17.215631534216243, 31.234616987264307, 44.864260111643446], [17.215631534216243, 0.0, 26.63619209878919, 42.95581540607861], [31.234616987264307, 26.63619209878919, 0.0, 34.618925807429385], [44.864260111643446, 42.95581540607861, 34.618925807429385, 0.0]], "num_of_interactions": [1, 1, 1, 1]}, "Graph164": {"Edep": [[936.046], [70.038], [162.524]], "Dist": [[0.0, 49.05934152652887, 53.67191089003447], [49.05934152652887, 0.0, 25.806331320336877], [53.67191089003447, 25.806331320336877, 0.0]], "num_of_interactions": [1, 1, 2]}, "Graph165": {"Edep": [[337.991], [213.348], [455.039]], "Dist": [[0.0, 41.15960742491237, 87.76596539501006], [41.15960742491237, 0.0, 61.82084565222316], [87.76596539501006, 61.82084565222316, 0.0]], "num_of_interactions": [1, 1, 1]}, "Graph166": {"Edep": [[797.313], [33.2], [149.48]], "Dist": [[0.0, 23.82249829552938, 29.808636779846246], [23.82249829552938, 0.0, 17.191656963355825], [29.808636779846246, 17.191656963355825, 0.0]], "num_of_interactions": [1, 1, 1]}, "Graph167": {"Edep": [[801.178], [199.895], [71.339], [51.743], [208.345]], "Dist": [[0.0, 46.507442474522286, 72.02149604170201, 87.30417971447815, 129.43952868040193], [46.507442474522286, 0.0, 25.682715410230664, 47.76859602904506, 89.35374040347835], [72.02149604170201, 25.682715410230664, 0.0, 31.142280176689063, 68.76930745237516], [87.30417971447815, 47.76859602904506, 31.142280176689063, 0.0, 45.99680124550074], [129.43952868040193, 89.35374040347835, 68.76930745237516, 45.99680124550074, 0.0]], "num_of_interactions": [3, 1, 1, 2, 2]}, "Graph168": {"Edep": [[913.868], [116.037], [176.738], [125.859]], "Dist": [[0.0, 22.11991027076963, 47.05496797805412, 58.276431412317955], [22.11991027076963, 0.0, 26.990146976180025, 37.453366796168], [47.05496797805412, 26.990146976180025, 0.0, 24.227231311169245], [58.276431412317955, 37.453366796168, 24.227231311169245, 0.0]], "num_of_interactions": [1, 3, 3, 1]}, "Graph169": {"Edep": [[865.747], [95.964], [12.79], [215.671]], "Dist": [[0.0, 16.237678144463896, 44.995929760487236, 66.15229326075477], [16.237678144463896, 0.0, 43.512928069504824, 66.31346788338024], [44.995929760487236, 43.512928069504824, 0.0, 31.786803566300907], [66.15229326075477, 66.31346788338024, 31.786803566300907, 0.0]], "num_of_interactions": [1, 2, 1, 1]}, "Graph170": {"Edep": [[1122.618], [209.882]], "Dist": [[0.0, 17.2156304638256], [17.2156304638256, 0.0]], "num_of_interactions": [2, 3]}, "Graph171": {"Edep": [[1332.5009999999997]], "Dist": [[0.0]], "num_of_interactions": [6]}, "Graph172": {"Edep": [[997.889], [334.61]], "Dist": [[0.0, 17.197351462626433], [17.197351462626433, 0.0]], "num_of_interactions": [3, 2]}, "Graph173": {"Edep": [[708.991], [383.409], [240.1]], "Dist": [[0.0, 53.86365644672668, 43.502548444616444], [53.86365644672668, 0.0, 49.31493098658255], [43.502548444616444, 49.31493098658255, 0.0]], "num_of_interactions": [3, 1, 1]}, "Graph174": {"Edep": [[869.772], [142.104], [320.624]], "Dist": [[0.0, 38.16133002399288, 43.202728062652476], [38.16133002399288, 0.0, 17.214713550849453], [43.202728062652476, 17.214713550849453, 0.0]], "num_of_interactions": [1, 1, 1]}, "Graph175": {"Edep": [[1010.289], [42.112], [27.654], [38.480999999999995], [36.301], [177.663]], "Dist": [[0.0, 31.457101410387438, 52.76726228854498, 84.53217234564246, 97.36885382080143, 101.4130476866256], [31.457101410387438, 0.0, 23.250727432428878, 59.46428109679626, 74.94768259301017, 81.43759499472586], [52.76726228854498, 23.250727432428878, 0.0, 37.42168215257432, 54.36671374770502, 61.8249809120399], [84.53217234564246, 59.46428109679626, 37.42168215257432, 0.0, 21.283861014717232, 27.292353509204723], [97.36885382080143, 74.94768259301017, 54.36671374770502, 21.283861014717232, 0.0, 16.21801808565398], [101.4130476866256, 81.43759499472586, 61.8249809120399, 27.292353509204723, 16.21801808565398, 0.0]], "num_of_interactions": [1, 3, 1, 2, 1, 2]}, "Graph176": {"Edep": [[1156.165], [176.334]], "Dist": [[0.0, 48.95146567629717], [48.95146567629717, 0.0]], "num_of_interactions": [4, 1]}, "Graph177": {"Edep": [[837.071], [495.429]], "Dist": [[0.0, 44.98031151626898], [44.98031151626898, 0.0]], "num_of_interactions": [1, 3]}, "Graph178": {"Edep": [[1095.836], [236.663]], "Dist": [[0.0, 52.76977193086492], [52.76977193086492, 0.0]], "num_of_interactions": [1, 2]}, "Graph179": {"Edep": [[1332.4999999999998]], "Dist": [[0.0]], "num_of_interactions": [5]}, "Graph180": {"Edep": [[655.947], [242.522], [159.064], [274.966]], "Dist": [[0.0, 24.905876414422774, 39.47333544066678, 49.78945461879855], [24.905876414422774, 0.0, 23.385858169092277, 41.414530779731166], [39.47333544066678, 23.385858169092277, 0.0, 25.116436211039183], [49.78945461879855, 41.414530779731166, 25.116436211039183, 0.0]], "num_of_interactions": [1, 1, 1, 2]}, "Graph181": {"Edep": [[984.445], [129.092], [13.506]], "Dist": [[0.0, 38.747041595918, 47.67979035344954], [38.747041595918, 0.0, 26.54348016473536], [47.67979035344954, 26.54348016473536, 0.0]], "num_of_interactions": [1, 2, 1]}, "Graph182": {"Edep": [[204.05], [105.423], [888.366], [134.66]], "Dist": [[0.0, 41.15859639504487, 58.3259123079691, 24.92876978525415], [41.15859639504487, 0.0, 17.20848290014259, 16.248108716998416], [58.3259123079691, 17.20848290014259, 0.0, 33.44795422671318], [24.92876978525415, 16.248108716998416, 33.44795422671318, 0.0]], "num_of_interactions": [1, 2, 3, 2]}, "Graph183": {"Edep": [[766.67], [32.261], [327.958], [205.61]], "Dist": [[0.0, 42.25455535120801, 71.98258794897625, 52.769753625156326], [42.25455535120801, 0.0, 31.355591533839696, 17.202903416650322], [71.98258794897625, 31.355591533839696, 0.0, 26.36930836360332], [52.769753625156326, 17.202903416650322, 26.36930836360332, 0.0]], "num_of_interactions": [1, 1, 1, 1]}, "Graph184": {"Edep": [[307.688], [369.781], [301.05], [353.98]], "Dist": [[0.0, 31.412184634598404, 41.59813444941371, 100.42726710057084], [31.412184634598404, 0.0, 16.24811458524956, 80.36065094643088], [41.59813444941371, 16.24811458524956, 0.0, 88.99423497800123], [100.42726710057084, 80.36065094643088, 88.99423497800123, 0.0]], "num_of_interactions": [1, 1, 1, 5]}, "Graph185": {"Edep": [[857.52], [474.98]], "Dist": [[0.0, 48.038872024861305], [48.038872024861305, 0.0]], "num_of_interactions": [1, 2]}, "Graph186": {"Edep": [[1074.56], [224.525]], "Dist": [[0.0, 433.79290327914794], [433.79290327914794, 0.0]], "num_of_interactions": [1, 1]}, "Graph187": {"Edep": [[186.259]], "Dist": [[0.0]], "num_of_interactions": [1]}, "Graph188": {"Edep": [[1332.5]], "Dist": [[0.0]], "num_of_interactions": [3]}, "Graph189": {"Edep": [[493.945], [674.708], [163.847]], "Dist": [[0.0, 43.46029335583688, 78.28239139346026], [43.46029335583688, 0.0, 43.43740134014811], [78.28239139346026, 43.43740134014811, 0.0]], "num_of_interactions": [1, 3, 1]}, "Graph190": {"Edep": [[670.625]], "Dist": [[0.0]], "num_of_interactions": [1]}, "Graph191": {"Edep": [[521.83], [598.221]], "Dist": [[0.0, 51.44041141044754], [51.44041141044754, 0.0]], "num_of_interactions": [1, 2]}, "Graph192": {"Edep": [[80.112], [304.081], [637.746], [73.131], [237.43]], "Dist": [[0.0, 24.93410402276569, 62.47526873293866, 75.40954679903935, 58.3607603062546], [24.93410402276569, 0.0, 41.56872013501741, 50.54979651253409, 33.46600974033206], [62.47526873293866, 41.56872013501741, 0.0, 31.704743245757438, 26.39333753594268], [75.40954679903935, 50.54979651253409, 31.704743245757438, 0.0, 17.104031572848577], [58.3607603062546, 33.46600974033206, 26.39333753594268, 17.104031572848577, 0.0]], "num_of_interactions": [1, 1, 2, 1, 2]}, "Graph193": {"Edep": [[1049.85], [76.59], [8.59], [197.46900000000002]], "Dist": [[0.0, 27.109435042940294, 46.13588962710376, 48.92114816797027], [27.109435042940294, 0.0, 26.76850716829948, 31.702419396729038], [46.13588962710376, 26.76850716829948, 0.0, 17.11959489090205], [48.92114816797027, 31.702419396729038, 17.11959489090205, 0.0]], "num_of_interactions": [1, 1, 1, 2]}, "Graph194": {"Edep": [[874.848], [202.542], [255.11]], "Dist": [[0.0, 42.82224864511554, 124.17122338932276], [42.82224864511554, 0.0, 106.81957991331643], [124.17122338932276, 106.81957991331643, 0.0]], "num_of_interactions": [3, 1, 1]}, "Graph195": {"Edep": [[110.495], [1222.005]], "Dist": [[0.0, 13.530931751597869], [13.530931751597869, 0.0]], "num_of_interactions": [1, 2]}, "Graph196": {"Edep": [[926.517], [259.039], [146.943]], "Dist": [[0.0, 49.570967110252134, 49.409916923359624], [49.570967110252134, 0.0, 29.359763921370355], [49.409916923359624, 29.359763921370355, 0.0]], "num_of_interactions": [1, 1, 1]}, "Graph197": {"Edep": [[1110.366], [40.604], [181.529]], "Dist": [[0.0, 11.661079561734416, 38.61089010766523], [11.661079561734416, 0.0, 38.55116859184038], [38.610890107665